#              u               K              ΔK               V              ΔV           V_ext          ΔV_ext           V_int          ΔV_int               E              ΔE            E_mu           ΔE_mu             K/N            ΔK/N             V/N            ΔV/N             E/N            ΔE/N               N              ΔN             N^2            ΔN^2         density        Δdensity
 -1.20000000E+01  4.69122557E+02  1.79191680E+00 -1.05494987E+03  2.25627731E+00 -8.09678119E+02  1.18753597E+00 -2.39569776E+02  1.07059916E+00 -5.85827315E+02  1.03741497E+00 -2.89992742E+02  8.27087137E-01  1.90393875E+01  4.16730607E-02 -4.28727020E+01  2.48346956E-02 -2.38333145E+01  4.04927884E-02  2.46528811E+01  5.34448330E-02  6.10603126E+02  2.63511624E+00  3.08161013E-03  6.68060413E-06
 -1.20000000E+01  4.69122557E+02  1.79191680E+00 -1.05494987E+03  2.25627731E+00 -8.09678119E+02  1.18753597E+00 -2.39569776E+02  1.07059916E+00 -5.85827315E+02  1.03741497E+00 -2.89992742E+02  8.27087137E-01  1.90393875E+01  4.16730607E-02 -4.28727020E+01  2.48346956E-02 -2.38333145E+01  4.04927884E-02  2.46528811E+01  5.34448330E-02  6.10603126E+02  2.63511624E+00  3.08161013E-03  6.68060413E-06
 -1.20000000E+01  4.69122557E+02  1.79191680E+00 -1.05494987E+03  2.25627731E+00 -8.09678119E+02  1.18753597E+00 -2.39569776E+02  1.07059916E+00 -5.85827315E+02  1.03741497E+00 -2.89992742E+02  8.27087137E-01  1.90393875E+01  4.16730607E-02 -4.28727020E+01  2.48346956E-02 -2.38333145E+01  4.04927884E-02  2.46528811E+01  5.34448330E-02  6.10603126E+02  2.63511624E+00  3.08161013E-03  6.68060413E-06
 -1.40000000E+01  4.32531989E+02  1.89537996E+00 -9.98066695E+02  2.46228971E+00 -7.84137868E+02  1.35725312E+00 -2.08474252E+02  1.15056050E+00 -5.65534706E+02  1.22961791E+00 -2.50018371E+02  9.75339596E-01  1.91861795E+01  5.20675052E-02 -4.43303233E+01  3.49576935E-02 -2.51441437E+01  5.00638883E-02  2.25368811E+01  6.11666523E-02  5.09867112E+02  2.76259505E+00  2.81711014E-03  7.64583153E-06
 -1.40000000E+01  4.32531989E+02  1.89537996E+00 -9.98066695E+02  2.46228971E+00 -7.84137868E+02  1.35725312E+00 -2.08474252E+02  1.15056050E+00 -5.65534706E+02  1.22961791E+00 -2.50018371E+02  9.75339596E-01  1.91861795E+01  5.20675052E-02 -4.43303233E+01  3.49576935E-02 -2.51441437E+01  5.00638883E-02  2.25368811E+01  6.11666523E-02  5.09867112E+02  2.76259505E+00  2.81711014E-03  7.64583153E-06
 -1.50000000E+01  4.10356037E+02  1.29598168E+00 -9.62358828E+02  1.72542161E+00 -7.66556935E+02  9.63371170E-01 -1.90486895E+02  7.75789541E-01 -5.52002791E+02  8.52738810E-01 -2.29782122E+02  6.51206262E-01  1.90992297E+01  3.52475820E-02 -4.48370253E+01  2.46003166E-02 -2.57377957E+01  3.55218148E-02  2.14813779E+01  3.89650426E-02  4.63130692E+02  1.66562361E+00  2.68517224E-03  4.87063032E-06
 -1.50000000E+01  4.10356037E+02  1.29598168E+00 -9.62358828E+02  1.72542161E+00 -7.66556935E+02  9.63371170E-01 -1.90486895E+02  7.75789541E-01 -5.52002791E+02  8.52738810E-01 -2.29782122E+02  6.51206262E-01  1.90992297E+01  3.52475820E-02 -4.48370253E+01  2.46003166E-02 -2.57377957E+01  3.55218148E-02  2.14813779E+01  3.89650426E-02  4.63130692E+02  1.66562361E+00  2.68517224E-03  4.87063032E-06
 -1.60000000E+01  3.90434388E+02  2.01147723E+00 -9.31926098E+02  2.56379597E+00 -7.50401661E+02  1.47711976E+00 -1.76161854E+02  1.10256464E+00 -5.41491710E+02  1.36982767E+00 -2.11409737E+02  1.08469814E+00  1.89118519E+01  6.36686136E-02 -4.52102970E+01  3.32956934E-02 -2.62984450E+01  6.08501993E-02  2.06301233E+01  5.70605125E-02  4.27325370E+02  2.36505758E+00  2.57876542E-03  7.13256407E-06
 -1.60000000E+01  3.90434388E+02  2.01147723E+00 -9.31926098E+02  2.56379597E+00 -7.50401661E+02  1.47711976E+00 -1.76161854E+02  1.10256464E+00 -5.41491710E+02  1.36982767E+00 -2.11409737E+02  1.08469814E+00  1.89118519E+01  6.36686136E-02 -4.52102970E+01  3.32956934E-02 -2.62984450E+01  6.08501993E-02  2.06301233E+01  5.70605125E-02  4.27325370E+02  2.36505758E+00  2.57876542E-03  7.13256407E-06
 -1.80000000E+01  3.56300904E+02  1.65764943E+00 -8.68575137E+02  2.34925524E+00 -7.15704933E+02  1.45165173E+00 -1.47787340E+02  9.10155677E-01 -5.12274233E+02  1.37499098E+00 -1.71310333E+02  9.82090687E-01  1.87963206E+01  5.60727655E-02 -4.58837093E+01  2.81322049E-02 -2.70873887E+01  5.50546461E-02  1.89424389E+01  4.95535112E-02  3.60506934E+02  1.88700670E+00  2.36780486E-03  6.19418890E-06
 -1.80000000E+01  3.56300904E+02  1.65764943E+00 -8.68575137E+02  2.34925524E+00 -7.15704933E+02  1.45165173E+00 -1.47787340E+02  9.10155677E-01 -5.12274233E+02  1.37499098E+00 -1.71310333E+02  9.82090687E-01  1.87963206E+01  5.60727655E-02 -4.58837093E+01  2.81322049E-02 -2.70873887E+01  5.50546461E-02  1.89424389E+01  4.95535112E-02  3.60506934E+02  1.88700670E+00  2.36780486E-03  6.19418890E-06
 -1.90000000E+01  3.39294994E+02  1.01900822E+00 -8.38044693E+02  1.61501177E+00 -6.97906390E+02  1.00401375E+00 -1.35221492E+02  6.21476462E-01 -4.98749699E+02  8.87857509E-01 -1.53387009E+02  5.42687305E-01  1.86483384E+01  3.41881075E-02 -4.61309776E+01  2.01161719E-02 -2.74826392E+01  3.39156150E-02  1.81769837E+01  3.51061007E-02  3.32040968E+02  1.26584822E+00  2.27212296E-03  4.38826259E-06
 -1.90000000E+01  3.39294994E+02  1.01900822E+00 -8.38044693E+02  1.61501177E+00 -6.97906390E+02  1.00401375E+00 -1.35221492E+02  6.21476462E-01 -4.98749699E+02  8.87857509E-01 -1.53387009E+02  5.42687305E-01  1.86483384E+01  3.41881075E-02 -4.61309776E+01  2.01161719E-02 -2.74826392E+01  3.39156150E-02  1.81769837E+01  3.51061007E-02  3.32040968E+02  1.26584822E+00  2.27212296E-03  4.38826259E-06
 -2.00000000E+01  3.20889622E+02  1.45635195E+00 -8.03294623E+02  2.27840777E+00 -6.76801512E+02  1.46598909E+00 -1.21754252E+02  8.16085265E-01 -4.82405000E+02  1.21401348E+00 -1.35785845E+02  7.01367929E-01  1.84960746E+01  4.72918775E-02 -4.63736781E+01  2.42903994E-02 -2.78776035E+01  4.43901662E-02  1.73309578E+01  4.82534160E-02  3.01989111E+02  1.65930041E+00  2.16636972E-03  6.03167701E-06
 -2.00000000E+01  3.20889622E+02  1.45635195E+00 -8.03294623E+02  2.27840777E+00 -6.76801512E+02  1.46598909E+00 -1.21754252E+02  8.16085265E-01 -4.82405000E+02  1.21401348E+00 -1.35785845E+02  7.01367929E-01  1.84960746E+01  4.72918775E-02 -4.63736781E+01  2.42903994E-02 -2.78776035E+01  4.43901662E-02  1.73309578E+01  4.82534160E-02  3.01989111E+02  1.65930041E+00  2.16636972E-03  6.03167701E-06
 -2.20000000E+01  2.76642719E+02  9.18510232E-01 -7.15918130E+02  1.45625437E+00 -6.19863087E+02  9.92205667E-01 -9.15530084E+01  4.70044817E-01 -4.39275411E+02  8.61589377E-01 -1.02433075E+02  4.89307680E-01  1.80398680E+01  3.56959694E-02 -4.67867435E+01  1.48769026E-02 -2.87468755E+01  3.37202781E-02  1.53110153E+01  3.11812866E-02  2.36390893E+02  9.62072253E-01  1.91387691E-03  3.89766083E-06
 -2.20000000E+01  2.76642719E+02  9.18510232E-01 -7.15918130E+02  1.45625437E+00 -6.19863087E+02  9.92205667E-01 -9.15530084E+01  4.70044817E-01 -4.39275411E+02  8.61589377E-01 -1.02433075E+02  4.89307680E-01  1.80398680E+01  3.56959694E-02 -4.67867435E+01  1.48769026E-02 -2.87468755E+01  3.37202781E-02  1.53110153E+01  3.11812866E-02  2.36390893E+02  9.62072253E-01  1.91387691E-03  3.89766083E-06
 -2.40000000E+01  2.29027324E+02  1.14456058E+00 -6.11874195E+02  2.23056719E+00 -5.45270004E+02  1.67354098E+00 -6.26742773E+01  5.63703062E-01 -3.82846871E+02  1.32252982E+00 -7.25395641E+01  5.27822602E-01  1.77108414E+01  4.37200251E-02 -4.74101113E+01  3.12767477E-02 -2.96992699E+01  4.68380926E-02  1.29294711E+01  4.96828095E-02  1.70152451E+02  1.27447193E+00  1.61618389E-03  6.21035119E-06
 -2.40000000E+01  2.29027324E+02  1.14456058E+00 -6.11874195E+02  2.23056719E+00 -5.45270004E+02  1.67354098E+00 -6.26742773E+01  5.63703062E-01 -3.82846871E+02  1.32252982E+00 -7.25395641E+01  5.27822602E-01  1.77108414E+01  4.37200251E-02 -4.74101113E+01  3.12767477E-02 -2.96992699E+01  4.68380926E-02  1.29294711E+01  4.96828095E-02  1.70152451E+02  1.27447193E+00  1.61618389E-03  6.21035119E-06
 -2.50000000E+01  2.00531026E+02  8.41679248E-01 -5.41572574E+02  1.86686614E+00 -4.91276683E+02  1.46787577E+00 -4.67797392E+01  4.02111003E-01 -3.41041548E+02  1.16051293E+00 -5.86973636E+01  3.57672698E-01  1.77862402E+01  3.20593014E-02 -4.81547677E+01  2.64759159E-02 -3.03685275E+01  3.57553615E-02  1.12937674E+01  4.20934725E-02  1.31550762E+02  9.44050823E-01  1.41172092E-03  5.26168406E-06
 -2.50000000E+01  2.00531026E+02  8.41679248E-01 -5.41572574E+02  1.86686614E+00 -4.91276683E+02  1.46787577E+00 -4.67797392E+01  4.02111003E-01 -3.41041548E+02  1.16051293E+00 -5.86973636E+01  3.57672698E-01  1.77862402E+01  3.20593014E-02 -4.81547677E+01  2.64759159E-02 -3.03685275E+01  3.57553615E-02  1.12937674E+01  4.20934725E-02  1.31550762E+02  9.44050823E-01  1.41172092E-03  5.26168406E-06
 -2.60000000E+01  1.62341515E+02  1.27636535E+00 -4.45736731E+02  2.90744258E+00 -4.13746747E+02  2.40720885E+00 -2.90093930E+01  5.00508463E-01 -2.83395216E+02  1.74359064E+00 -4.89701160E+01  4.21780893E-01  1.81534461E+01  4.81342352E-02 -5.00167141E+01  6.99330640E-02 -3.18632680E+01  6.92887416E-02  9.01635000E+00  6.70488959E-02  8.61419078E+01  1.24375210E+00  1.12704375E-03  8.38111198E-06
 -2.60000000E+01  1.62341515E+02  1.27636535E+00 -4.45736731E+02  2.90744258E+00 -4.13746747E+02  2.40720885E+00 -2.90093930E+01  5.00508463E-01 -2.83395216E+02  1.74359064E+00 -4.89701160E+01  4.21780893E-01  1.81534461E+01  4.81342352E-02 -5.00167141E+01  6.99330640E-02 -3.18632680E+01  6.92887416E-02  9.01635000E+00  6.70488959E-02  8.61419078E+01  1.24375210E+00  1.12704375E-03  8.38111198E-06
 -2.80000000E+01  9.69477622E+01  7.28560202E-01 -2.71114403E+02  1.84716610E+00 -2.62044484E+02  1.68168252E+00 -7.07836915E+00  1.67409283E-01 -1.74166641E+02  1.16791788E+00 -4.01920546E+01  2.29469263E-01  2.10747909E+01  7.21960237E-02 -5.92111170E+01  1.73192576E-01 -3.81363261E+01  1.25190914E-01  4.78480667E+00  4.40064120E-02  2.59600622E+01  4.71368418E-01  5.98100833E-04  5.50080150E-06
 -2.80000000E+01  9.69477622E+01  7.28560202E-01 -2.71114403E+02  1.84716610E+00 -2.62044484E+02  1.68168252E+00 -7.07836915E+00  1.67409283E-01 -1.74166641E+02  1.16791788E+00 -4.01920546E+01  2.29469263E-01  2.10747909E+01  7.21960237E-02 -5.92111170E+01  1.73192576E-01 -3.81363261E+01  1.25190914E-01  4.78480667E+00  4.40064120E-02  2.59600622E+01  4.71368418E-01  5.98100833E-04  5.50080150E-06
 -2.90000000E+01  7.87221917E+01  3.22364646E-01 -2.22536783E+02  7.61285459E-01 -2.17639104E+02  7.11595043E-01 -3.22001069E+00  4.96045400E-02 -1.43814591E+02  4.80331866E-01 -4.00451579E+01  1.42657099E-01  2.30160778E+01  5.08016802E-02 -6.52913121E+01  1.16557999E-01 -4.22752343E+01  8.81495090E-02  3.57825632E+00  1.83595825E-02  1.45424332E+01  1.53833848E-01  4.47282039E-04  2.29494781E-06
 -2.90000000E+01  7.87221917E+01  3.22364646E-01 -2.22536783E+02  7.61285459E-01 -2.17639104E+02  7.11595043E-01 -3.22001069E+00  4.96045400E-02 -1.43814591E+02  4.80331866E-01 -4.00451579E+01  1.42657099E-01  2.30160778E+01  5.08016802E-02 -6.52913121E+01  1.16557999E-01 -4.22752343E+01  8.81495090E-02  3.57825632E+00  1.83595825E-02  1.45424332E+01  1.53833848E-01  4.47282039E-04  2.29494781E-06
 -3.00000000E+01  6.86297148E+01  3.04213818E-01 -1.95148677E+02  6.99276428E-01 -1.92049014E+02  6.60821998E-01 -1.60510988E+00  3.58483526E-02 -1.26518962E+02  4.78318586E-01 -3.98598284E+01  1.80821518E-01  2.47089398E+01  7.90092299E-02 -7.04470980E+01  1.45061477E-01 -4.57381583E+01  1.09720268E-01  2.88863778E+00  1.71441255E-02  9.31601111E+00  1.22300615E-01  3.61079722E-04  2.14301568E-06
 -3.00000000E+01  6.86297148E+01  3.04213818E-01 -1.95148677E+02  6.99276428E-01 -1.92049014E+02  6.60821998E-01 -1.60510988E+00  3.58483526E-02 -1.26518962E+02  4.78318586E-01 -3.98598284E+01  1.80821518E-01  2.47089398E+01  7.90092299E-02 -7.04470980E+01  1.45061477E-01 -4.57381583E+01  1.09720268E-01  2.88863778E+00  1.71441255E-02  9.31601111E+00  1.22300615E-01  3.61079722E-04  2.14301568E-06
 -3.20000000E+01  6.06316886E+01  1.32833085E-01 -1.72926353E+02  2.27724899E-01 -1.71010600E+02  2.17796072E-01 -5.69215489E-01  8.86662880E-03 -1.12294664E+02  1.67081471E-01 -3.78580328E+01  9.89369646E-02  2.66221601E+01  4.43499569E-02 -7.60044052E+01  6.29161089E-02 -4.93822450E+01  5.70427419E-02  2.32614474E+00  5.53288582E-03  5.74885000E+00  3.25400703E-02  2.90768092E-04  6.91610728E-07
 -3.20000000E+01  6.06316886E+01  1.32833085E-01 -1.72926353E+02  2.27724899E-01 -1.71010600E+02  2.17796072E-01 -5.69215489E-01  8.86662880E-03 -1.12294664E+02  1.67081471E-01 -3.78580328E+01  9.89369646E-02  2.66221601E+01  4.43499569E-02 -7.60044052E+01  6.29161089E-02 -4.93822450E+01  5.70427419E-02  2.32614474E+00  5.53288582E-03  5.74885000E+00  3.25400703E-02  2.90768092E-04  6.91610728E-07
 -3.60000000E+01  5.64522328E+01  1.09377332E-01 -1.61660179E+02  8.99282593E-02 -1.60210332E+02  8.89349866E-02 -1.60326914E-01  1.82835399E-03 -1.05207947E+02  1.00104973E-01 -3.16947945E+01  9.30266122E-02  2.77332779E+01  5.34683316E-02 -7.94452265E+01  3.75783119E-02 -5.17119486E+01  4.64743669E-02  2.04203200E+00  1.48313614E-03  4.21341600E+00  7.38992240E-03  2.55254000E-04  1.85392018E-07
 -3.90000000E+01  5.57721510E+01  1.30900381E-01 -1.59924333E+02  2.09199097E-01 -1.58537951E+02  2.04634140E-01 -1.19031451E-01  9.06326434E-04 -1.04152182E+02  1.61049529E-01 -2.60159550E+01  9.81786021E-02  2.78583653E+01  5.58389559E-02 -7.98873572E+01  3.10218941E-02 -5.20289919E+01  4.51682882E-02  2.00349300E+00  2.48278725E-03  4.02965300E+00  7.80582153E-03  2.50436625E-04  3.10348407E-07
 -4.20000000E+01  5.52628991E+01  1.46991982E-01 -1.58474861E+02  3.00236567E-01 -1.57122506E+02  2.97501600E-01 -1.08020486E-01  4.71240814E-04 -1.03211962E+02  2.16857562E-01 -1.99296578E+01  1.01899310E-01  2.78721450E+01  5.30162394E-02 -7.99359166E+01  3.07033276E-02 -5.20637716E+01  4.53278740E-02  1.98291200E+00  3.63605495E-03  3.95334200E+00  1.09740056E-02  2.47864000E-04  4.54506868E-07
 -4.50000000E+01  5.35655366E+01  2.55729798E-01 -1.53892439E+02  6.96553149E-01 -1.52577149E+02  6.91152055E-01 -9.98232966E-02  8.50632788E-04 -1.00326902E+02  4.72360236E-01 -1.37800221E+01  1.09028724E-01             NAN             NAN             NAN             NAN             NAN             NAN  1.92326400E+00  8.59268408E-03  3.77324400E+00  2.50703763E-02  2.40408000E-04  1.07408551E-06
 -4.90000000E+01  4.37517941E+01  7.35754995E-01 -1.25499943E+02  2.01397624E+00 -1.24445404E+02  1.99655577E+00 -6.72861196E-02  2.16076982E-03 -8.17481488E+01  1.28455265E+00 -4.89547078E+00  1.02185372E-01             NAN             NAN             NAN             NAN             NAN             NAN  1.56842200E+00  2.49383821E-02  2.79667000E+00  6.61416163E-02  1.96052750E-04  3.11729777E-06
 -5.20000000E+01  2.46606863E+01  7.26997644E-01 -7.07784881E+01  2.08416317E+00 -7.01926602E+01  2.06582216E+00 -2.34475579E-02  1.45736916E-03 -4.61178018E+01  1.36005252E+00 -1.27493776E-01  5.07581654E-02             NAN             NAN             NAN             NAN             NAN             NAN  8.84429000E-01  2.59675932E-02  1.28381900E+00  5.14335511E-02  1.10553625E-04  3.24594916E-06
 -5.50000000E+01  8.72396323E+00  5.66231157E-01 -2.48714861E+01  1.60646075E+00 -2.46750893E+01  1.59354698E+00 -4.20021807E-03  6.38140924E-04 -1.61475228E+01  1.04119105E+00  9.57697162E-01  6.13175034E-02             NAN             NAN             NAN             NAN             NAN             NAN  3.11004000E-01  1.99381767E-02  3.69440000E-01  2.98539719E-02  3.88755000E-05  2.49227209E-06
 -6.00000000E+01  7.22927396E-01  8.56422471E-02 -2.07417336E+00  2.42132532E-01 -2.05709763E+00  2.40274103E-01 -1.08887817E-04  1.26367762E-05 -1.35124597E+00  1.56984583E-01  2.04494031E-01  2.49575246E-02             NAN             NAN             NAN             NAN             NAN             NAN  2.59290000E-02  3.00793818E-03  2.59450000E-02  3.00967060E-03  3.24112500E-06  3.75992273E-07
 -6.50000000E+01  7.13450269E-02  1.97446348E-02 -2.18326090E-01  5.87497740E-02 -2.16702404E-01  5.84323043E-02 -1.14415033E-05  3.06835630E-06 -1.46981063E-01  3.91114772E-02  3.12489370E-02  8.84597203E-03             NAN             NAN             NAN             NAN             NAN             NAN  2.74200000E-03  7.35343317E-04  2.74200000E-03  7.35343317E-04  3.42750000E-07  9.19179146E-08
 -7.00000000E+01  1.77801136E-03  8.88075116E-04 -5.74358670E-03  3.25737223E-03 -5.68779142E-03  3.22172087E-03 -3.21296774E-07  1.76449432E-07 -3.96557534E-03  2.46237931E-03  1.42442466E-03  6.54592627E-04             NAN             NAN             NAN             NAN             NAN             NAN  7.70000000E-05  4.22867808E-05  7.70000000E-05  4.22867808E-05  9.62500000E-09  5.28584761E-09
 -7.50000000E+01  0.00000000E+00  0.00000000E+00  0.00000000E+00  0.00000000E+00  0.00000000E+00  0.00000000E+00  0.00000000E+00  0.00000000E+00  0.00000000E+00  0.00000000E+00  0.00000000E+00  0.00000000E+00             NAN             NAN             NAN             NAN             NAN             NAN  0.00000000E+00  0.00000000E+00  0.00000000E+00  0.00000000E+00  0.00000000E+00  0.00000000E+00
 -7.90000000E+01  8.37592131E-05  8.38934426E-05 -2.17095339E-04  2.17443248E-04 -2.23721627E-04  2.24080155E-04 -1.25180561E-08  1.25381171E-08 -1.33336126E-04  1.33549806E-04  1.03663874E-04  1.03830002E-04             NAN             NAN             NAN             NAN             NAN             NAN  3.00000000E-06  3.00480769E-06  3.00000000E-06  3.00480769E-06  3.75000000E-10  3.75600962E-10
 -8.20000000E+01  0.00000000E+00  0.00000000E+00  0.00000000E+00  0.00000000E+00  0.00000000E+00  0.00000000E+00  0.00000000E+00  0.00000000E+00  0.00000000E+00  0.00000000E+00  0.00000000E+00  0.00000000E+00             NAN             NAN             NAN             NAN             NAN             NAN  0.00000000E+00  0.00000000E+00  0.00000000E+00  0.00000000E+00  0.00000000E+00  0.00000000E+00
 -8.50000000E+01  0.00000000E+00  0.00000000E+00  0.00000000E+00  0.00000000E+00  0.00000000E+00  0.00000000E+00  0.00000000E+00  0.00000000E+00  0.00000000E+00  0.00000000E+00  0.00000000E+00  0.00000000E+00             NAN             NAN             NAN             NAN             NAN             NAN  0.00000000E+00  0.00000000E+00  0.00000000E+00  0.00000000E+00  0.00000000E+00  0.00000000E+00
