#              u               K              ΔK               V              ΔV           V_ext          ΔV_ext           V_int          ΔV_int               E              ΔE            E_mu           ΔE_mu             K/N            ΔK/N             V/N            ΔV/N             E/N            ΔE/N               N              ΔN             N^2            ΔN^2         density        Δdensity
 -7.00000000E+00  3.60285791E+02  3.59030808E+00 -8.24343544E+02  3.75871769E+00 -7.40986124E+02  2.71175586E+00 -7.42920107E+01  9.28211278E-01 -4.64057753E+02  5.68494414E-01 -3.84821190E+02  5.71806192E-01  3.19062231E+01  1.31914257E-01 -7.31772201E+01  5.00762951E-02 -4.12709970E+01  1.68995506E-01  1.13195090E+01  5.87731924E-02  1.29153977E+02  1.47073917E+00  5.65975450E-03  2.93865962E-05
 -1.00000000E+01  3.31086893E+02  3.19864717E+00 -7.85547822E+02  4.14768900E+00 -7.17056206E+02  3.75139914E+00 -5.99885930E+01  3.50192395E-01 -4.54460928E+02  1.13199264E+00 -3.52906758E+02  7.04623961E-01  3.26169228E+01  1.55917148E-01 -7.75217351E+01  2.87932836E-02 -4.49048122E+01  1.58029847E-01  1.01554170E+01  5.39135115E-02  1.03617999E+02  1.06455747E+00  5.07770850E-03  2.69567558E-05
 -1.50000000E+01  2.90273377E+02  5.45390217E+00 -7.28922950E+02  7.36921314E+00 -6.69758899E+02  6.61997160E+00 -5.18014378E+01  6.05422356E-01 -4.38649573E+02  1.97087580E+00 -3.01096258E+02  6.30624191E-01  3.15255861E+01  2.70674026E-01 -7.95287448E+01  4.59380789E-02 -4.80031586E+01  3.02059083E-01  9.17022100E+00  9.61122441E-02  8.45849210E+01  1.74909349E+00  4.58511050E-03  4.80561221E-05
 -1.80000000E+01  2.51232718E+02  3.86121227E+00 -6.74939200E+02  5.23717492E+00 -6.21558429E+02  4.70404969E+00 -4.70153431E+01  4.44018961E-01 -4.23706482E+02  1.46699394E+00 -2.71862820E+02  4.65949943E-01  2.96893432E+01  2.07290013E-01 -8.00347076E+01  5.15983754E-02 -5.03453644E+01  2.43814952E-01  8.43575900E+00  6.96197573E-02  7.14509570E+01  1.19990939E+00  4.21787950E-03  3.48098786E-05
 -2.20000000E+01  2.30187707E+02  1.73563647E+00 -6.45878005E+02  2.32857655E+00 -5.95471005E+02  2.09312614E+00 -4.45421633E+01  1.91856007E-01 -4.15690298E+02  7.15373827E-01 -2.38588186E+02  4.00753186E-01  2.85734656E+01  1.06586212E-01 -8.02399066E+01  3.94188289E-02 -5.16664410E+01  1.11756540E-01  8.05009600E+00  2.98710680E-02  6.48811500E+01  5.08069025E-01  4.02504800E-03  1.49355340E-05
 -2.50000000E+01  2.25803583E+02  7.51024192E-01 -6.39341967E+02  8.59409258E-01 -5.89868777E+02  7.60490244E-01 -4.38247102E+01  9.53838231E-02 -4.13538384E+02  4.86377833E-01 -2.14495984E+02  4.08233302E-01  2.83516832E+01  6.68013034E-02 -8.03142197E+01  3.14822674E-02 -5.19625365E+01  6.29706972E-02  7.96169600E+00  1.05858945E-02  6.34589020E+01  1.68463914E-01  3.98084800E-03  5.29294725E-06
 -2.70000000E+01  2.23697329E+02  7.54259601E-01 -6.34355299E+02  1.30013307E+00 -5.85441678E+02  1.10626599E+00 -4.32767897E+01  1.80492791E-01 -4.10657969E+02  8.25123400E-01 -1.97746850E+02  4.68731216E-01  2.83558823E+01  6.49703831E-02 -8.04683976E+01  4.14273149E-02 -5.21125154E+01  6.59683729E-02  7.88559700E+00  1.83735991E-02  6.23010570E+01  2.73773455E-01  3.94279850E-03  9.18679956E-06
 -3.00000000E+01  2.12609111E+02  9.81192750E-01 -6.12403669E+02  1.75575274E+00 -5.66569012E+02  1.51314731E+00 -4.04427819E+01  2.32171832E-01 -3.99794558E+02  9.21571486E-01 -1.72705748E+02  3.84455998E-01  2.80442719E+01  6.15036593E-02 -8.09848611E+01  5.34764297E-02 -5.29405892E+01  8.61594510E-02  7.56962700E+00  2.51714075E-02  5.76557090E+01  3.66117218E-01  3.78481350E-03  1.25857037E-05
 -3.30000000E+01  1.86881585E+02  1.46154220E+00 -5.60181283E+02  2.57674834E+00 -5.21656727E+02  2.21737819E+00 -3.36782308E+01  3.27355346E-01 -3.73299698E+02  1.20747409E+00 -1.48029257E+02  3.73359716E-01  2.72869171E+01  7.92343402E-02 -8.22006882E+01  6.93166622E-02 -5.49137712E+01  1.32071496E-01  6.82637700E+00  3.64293796E-02  4.71328050E+01  5.03628958E-01  3.41318850E-03  1.82146898E-05
 -3.50000000E+01  1.73710264E+02  8.40124648E-01 -5.33636624E+02  1.54798538E+00 -4.98781398E+02  1.33797331E+00 -3.02352601E+01  1.95233048E-01 -3.59926360E+02  8.22368173E-01 -1.34631850E+02  3.02723293E-01  2.69276046E+01  5.90776955E-02 -8.30131924E+01  5.21356447E-02 -5.60855878E+01  7.60509176E-02  6.43698600E+00  2.16243991E-02  4.17994200E+01  2.91358627E-01  3.21849300E-03  1.08121996E-05
 -3.80000000E+01  1.59515218E+02  4.47383759E-01 -5.05132775E+02  6.90184261E-01 -4.74236221E+02  6.01517518E-01 -2.66360669E+01  8.88735457E-02 -3.45617557E+02  4.71871625E-01 -1.16522853E+02  2.97614496E-01  2.64322251E+01  5.70039767E-02 -8.38402807E+01  4.46174348E-02 -5.74080556E+01  5.68849456E-02  6.02880800E+00  9.22349572E-03  3.65123540E+01  1.13605431E-01  3.01440400E-03  4.61174786E-06
 -4.30000000E+01  1.35921555E+02  7.73091658E-01 -4.43794776E+02  1.84438212E+00 -4.20198182E+02  1.63561055E+00 -1.98727685E+01  1.93184488E-01 -3.07873222E+02  1.18120012E+00 -8.41596588E+01  3.06734709E-01  2.60673542E+01  6.75650770E-02 -8.57123558E+01  8.60400970E-02 -5.96450015E+01  9.93248159E-02  5.20264100E+00  2.51205311E-02  2.78130870E+01  2.44676953E-01  2.60132050E-03  1.25602655E-05
 -4.50000000E+01  1.07876272E+02  9.53011399E-01 -3.70170033E+02  2.57131482E+00 -3.54437638E+02  2.31199900E+00 -1.26695769E+01  2.43821731E-01 -2.62293761E+02  1.64715238E+00 -7.32960556E+01  2.10084656E-01  2.56273804E+01  5.49551062E-02 -8.94174161E+01  1.81181243E-01 -6.37900357E+01  1.88906403E-01  4.19994900E+00  3.53049292E-02  1.87795710E+01  2.90739420E-01  2.09997450E-03  1.76524646E-05
 -4.70000000E+01  8.03170328E+01  8.15951892E-01 -2.93985612E+02  2.19666646E+00 -2.85386078E+02  1.99244896E+00 -6.14832412E+00  1.86511428E-01 -2.13668580E+02  1.40531744E+00 -6.58791476E+01  1.59354912E-01  2.55600525E+01  5.60274912E-02 -9.56717655E+01  2.28274830E-01 -7.01117129E+01  2.29288293E-01  3.14445600E+00  3.05841136E-02  1.08230840E+01  2.10841118E-01  1.57222800E-03  1.52920568E-05
 -5.00000000E+01  5.88694675E+01  2.91240601E-01 -2.33839429E+02  7.76930290E-01 -2.30281981E+02  7.18265488E-01 -1.68644465E+00  5.42111623E-02 -1.74969962E+02  5.14625235E-01 -5.99242620E+01  1.22474736E-01  2.56335828E+01  5.21626973E-02 -1.02950776E+02  1.21541640E-01 -7.73171928E+01  1.22264660E-01  2.30091400E+00  1.10468348E-02  5.58231000E+00  6.14879064E-02  1.15045700E-03  5.52341739E-06
 -5.30000000E+01  5.31899764E+01  1.32346355E-01 -2.17298146E+02  2.23152667E-01 -2.14930108E+02  2.08964375E-01 -6.12804539E-01  1.38478573E-02 -1.64108169E+02  1.72085081E-01 -5.46668263E+01  9.99116441E-02  2.57738796E+01  5.37014072E-02 -1.05597465E+02  5.27663602E-02 -7.98235849E+01  5.98242219E-02  2.06493100E+00  3.15791978E-03  4.32773100E+00  1.60438487E-02  1.03246550E-03  1.57895989E-06
 -5.50000000E+01  5.24462160E+01  1.23734750E-01 -2.14687912E+02  1.22416502E-01 -2.12500109E+02  1.16400137E-01 -4.47631789E-01  7.54932226E-03 -1.62241696E+02  1.25114940E-01 -5.07434406E+01  1.07610650E-01  2.58741375E+01  5.73155997E-02 -1.06060484E+02  3.62738194E-02 -8.01863463E+01  5.61444440E-02  2.02724100E+00  1.74911325E-03  4.13649900E+00  8.77993528E-03  1.01362050E-03  8.74556625E-07
 -6.00000000E+01  5.14738032E+01  1.05938853E-01 -2.12920870E+02  5.33345506E-02 -2.10856355E+02  5.33746502E-02 -3.44993152E-01  1.69919704E-03 -1.61447066E+02  1.01935937E-01 -4.12998265E+01  9.81486937E-02  2.57052772E+01  5.29665981E-02 -1.06345464E+02  2.54961442E-02 -8.06401865E+01  4.89009367E-02  2.00245400E+00  3.81963652E-04  4.01251800E+00  1.90681243E-03  1.00122700E-03  1.90981826E-07
 -6.50000000E+01  5.15390086E+01  1.04591380E-01 -2.12580777E+02  5.51274017E-02 -2.10540258E+02  5.40895310E-02 -3.33989399E-01  2.44456913E-04 -1.61041769E+02  9.43074601E-02 -3.11139187E+01  9.45137380E-02  2.57824488E+01  5.15098042E-02 -1.06350691E+02  2.41492760E-02 -8.05682422E+01  4.70933371E-02  1.99889000E+00  2.01989455E-04  3.99700200E+00  6.35617181E-04  9.99445000E-04  1.00994728E-07
 -7.00000000E+01  5.11919834E+01  1.23785306E-01 -2.11224003E+02  1.25463029E-01 -2.09190476E+02  1.24685415E-01 -3.29696697E-01  2.93566016E-04 -1.60032020E+02  1.41384553E-01 -2.10504499E+01  1.09205171E-01  2.57801335E+01  6.23628078E-02 -1.06387299E+02  2.79530829E-02 -8.06071658E+01  5.41450436E-02  1.98545100E+00  9.41328057E-04  3.95645900E+00  2.81422770E-03  9.92725500E-04  4.70664028E-07
 -7.50000000E+01  4.67203468E+01  1.56777636E-01 -1.93413443E+02  5.09079365E-01 -1.91599755E+02  5.04209712E-01 -2.84127426E-01  1.22491741E-03 -1.46693096E+02  3.88175696E-01 -1.02881963E+01  9.08030094E-02             NAN             NAN             NAN             NAN             NAN             NAN  1.81873200E+00  4.66228447E-03  3.47494000E+00  1.29508783E-02  9.09366000E-04  2.33114224E-06
 -7.80000000E+01  3.55401749E+01  2.57275772E-01 -1.46314485E+02  9.90702726E-01 -1.44960875E+02  9.81275763E-01 -1.79065598E-01  2.00964187E-03 -1.10774310E+02  7.44549847E-01 -3.44451594E+00  7.41562774E-02             NAN             NAN             NAN             NAN             NAN             NAN  1.37602300E+00  9.19924088E-03  2.32578700E+00  2.20911627E-02  6.88011500E-04  4.59962044E-06
 -8.20000000E+01  1.13303849E+01  1.96645311E-01 -4.64782903E+01  7.67742010E-01 -4.60786346E+01  7.60787942E-01 -3.28097285E-02  8.28738717E-04 -3.51479054E+01  5.77135341E-01  7.19632609E-01  3.61801735E-02             NAN             NAN             NAN             NAN             NAN             NAN  4.37409000E-01  7.17524246E-03  5.35961000E-01  1.08190645E-02  2.18704500E-04  3.58762123E-06
 -8.70000000E+01  1.17047471E+00  4.99086301E-02 -4.84169693E+00  1.82004508E-01 -4.79922232E+00  1.80295763E-01 -2.26189770E-03  8.81092235E-05 -3.67122222E+00  1.34765176E-01  2.91714777E-01  1.75394605E-02             NAN             NAN             NAN             NAN             NAN             NAN  4.55510000E-02  1.69201301E-03  4.60670000E-02  1.73876118E-03  2.27755000E-05  8.46006503E-07
 -9.00000000E+01  2.67984732E-01  1.44794129E-02 -1.11537600E+00  5.68244545E-02 -1.10557896E+00  5.63362582E-02 -5.08245236E-04  2.55770310E-05 -8.47391264E-01  4.32815951E-02  9.76087357E-02  6.27055987E-03             NAN             NAN             NAN             NAN             NAN             NAN  1.05000000E-02  5.27669875E-04  1.05080000E-02  5.28325375E-04  5.25000000E-06  2.63834937E-07
