#              u               K              ΔK               V              ΔV           V_ext          ΔV_ext           V_int          ΔV_int               E              ΔE            E_mu           ΔE_mu             K/N            ΔK/N             V/N            ΔV/N             E/N            ΔE/N               N              ΔN             N^2            ΔN^2         density        Δdensity
 -9.00000000E+00  5.36168815E+02  2.17392594E+00 -1.13892834E+03  2.87503642E+00 -8.38545528E+02  1.44343319E+00 -2.93966246E+02  1.53377238E+00 -6.02759528E+02  1.67593692E+00 -3.50912510E+02  1.39922153E+00  1.91919538E+01  5.25580535E-02 -4.08334133E+01  5.35430603E-02 -2.16414595E+01  5.95045662E-02  2.79830020E+01  8.49220778E-02  7.88257558E+02  4.83546137E+00  3.49787525E-03  1.06152597E-05
 -1.20000000E+01  4.54796419E+02  1.71400270E+00 -1.02321911E+03  2.18229086E+00 -7.95501287E+02  1.14234237E+00 -2.21906261E+02  1.05530640E+00 -5.68422691E+02  1.26276111E+00 -2.90243515E+02  1.02406235E+00  1.96258770E+01  5.31717799E-02 -4.41985285E+01  3.73087066E-02 -2.45726516E+01  5.00260762E-02  2.31815980E+01  5.14301874E-02  5.39370598E+02  2.37958071E+00  2.89769975E-03  6.42877343E-06
 -1.50000000E+01  3.95342972E+02  1.50958687E+00 -9.33293906E+02  1.97785809E+00 -7.51804497E+02  1.11066089E+00 -1.76035512E+02  9.17635404E-01 -5.37950934E+02  1.12612193E+00 -2.31232914E+02  9.34073739E-01  1.93259068E+01  5.14325247E-02 -4.56796076E+01  3.26866258E-02 -2.63537007E+01  5.23898814E-02  2.04478680E+01  4.92859487E-02  4.19663598E+02  2.02722934E+00  2.55598350E-03  6.16074358E-06
 -1.90000000E+01  3.32595298E+02  1.47420782E+00 -8.22608436E+02  2.25375648E+00 -6.89732292E+02  1.39581110E+00 -1.27795690E+02  8.58930967E-01 -4.90013137E+02  1.18574829E+00 -1.56105085E+02  7.27915592E-01  1.89086451E+01  4.91887497E-02 -4.68340246E+01  2.36669494E-02 -2.79253795E+01  4.68217210E-02  1.75741080E+01  4.86454468E-02  3.10340056E+02  1.70366240E+00  2.19676350E-03  6.08068084E-06
 -2.20000000E+01  2.76134991E+02  1.13920390E+00 -7.15849018E+02  1.80817841E+00 -6.20979599E+02  1.21243750E+00 -9.02878910E+01  5.98933021E-01 -4.39714027E+02  1.04090351E+00 -1.07463647E+02  6.01158715E-01  1.82544585E+01  4.66716172E-02 -4.74261098E+01  1.95960014E-02 -2.91716513E+01  4.45041104E-02  1.51022900E+01  3.88119972E-02  2.29782476E+02  1.18442411E+00  1.88778625E-03  4.85149965E-06
 -2.50000000E+01  2.09551355E+02  1.28904266E+00 -5.62262168E+02  2.91002449E+00 -5.06795914E+02  2.31389463E+00 -5.16066085E+01  5.82707936E-01 -3.52710813E+02  1.74889090E+00 -6.18501882E+01  4.56748302E-01  1.80334097E+01  4.34505250E-02 -4.84954285E+01  3.44274002E-02 -3.04620188E+01  4.49212296E-02  1.16344250E+01  6.40339823E-02  1.39199767E+02  1.40012770E+00  1.45430313E-03  8.00424779E-06
 -2.90000000E+01  7.56602236E+01  4.38130658E-01 -2.14234855E+02  9.78901667E-01 -2.09391595E+02  8.97769883E-01 -3.20529179E+00  8.03969036E-02 -1.38574631E+02  5.80481039E-01 -4.25273271E+01  1.82648146E-01  2.39211985E+01  6.82536359E-02 -6.80753608E+01  1.60727637E-01 -4.41541623E+01  1.27500049E-01  3.31197600E+00  2.36951677E-02  1.25185940E+01  2.00124118E-01  4.13997000E-04  2.96189596E-06
 -3.20000000E+01  6.01926231E+01  1.37904966E-01 -1.72831617E+02  2.02014815E-01 -1.70892572E+02  1.93305509E-01 -5.81963858E-01  1.04049348E-02 -1.12638994E+02  1.56281578E-01 -4.05013943E+01  1.03970133E-01  2.71738281E+01  6.26287097E-02 -7.81286469E+01  6.96609202E-02 -5.09548187E+01  5.77037213E-02  2.25430000E+00  4.94493825E-03  5.34775800E+00  2.81787312E-02  2.81787500E-04  6.18117281E-07
 -3.60000000E+01  5.71084688E+01  1.13287896E-01 -1.64290851E+02  7.68738654E-02 -1.62839330E+02  7.61739532E-02 -1.65495789E-01  2.11791871E-03 -1.07182382E+02  1.07754933E-01 -3.40065138E+01  9.63970146E-02  2.81734174E+01  5.82952125E-02 -8.10550259E+01  3.32266161E-02 -5.28816085E+01  4.72225757E-02  2.03266300E+00  1.15593156E-03  4.16486900E+00  5.83925100E-03  2.54082875E-04  1.44491444E-07
 -3.90000000E+01  5.65216824E+01  1.09024857E-01 -1.63123616E+02  8.41786253E-02 -1.61702000E+02  8.47432843E-02 -1.21777913E-01  7.19828212E-04 -1.06601934E+02  9.72916408E-02 -2.83936738E+01  9.13402013E-02  2.82042008E+01  5.29569926E-02 -8.13956255E+01  3.24965215E-02 -5.31914247E+01  4.56129046E-02  2.00534000E+00  8.47142573E-04  4.03014400E+00  3.03221970E-03  2.50667500E-04  1.05892822E-07
 -4.20000000E+01  5.63383972E+01  1.29291377E-01 -1.62132269E+02  2.45006731E-01 -1.60757681E+02  2.43041527E-01 -1.10897159E-01  3.79926515E-04 -1.05793871E+02  1.91542009E-01 -2.22415073E+01  1.06469363E-01  2.83228758E+01  5.39050689E-02 -8.15129584E+01  3.14963582E-02 -5.31900826E+01  5.00614044E-02  1.98934200E+00  2.78426169E-03  3.97115200E+00  8.40497726E-03  2.48667750E-04  3.48032711E-07
 -4.50000000E+01  5.54091404E+01  2.04051098E-01 -1.59365307E+02  5.22870796E-01 -1.58004260E+02  5.16730027E-01 -1.05786175E-01  7.05929788E-04 -1.03956166E+02  3.50891366E-01 -1.60014162E+01  1.00389705E-01             NAN             NAN             NAN             NAN             NAN             NAN  1.95455000E+00  6.28133858E-03  3.86568600E+00  1.83858532E-02  2.44318750E-04  7.85167322E-07
 -4.90000000E+01  4.86158481E+01  4.77619672E-01 -1.40362902E+02  1.34240945E+00 -1.39179701E+02  1.33041886E+00 -8.19845839E-02  1.57472747E-03 -9.17470540E+01  8.76137667E-01 -7.32833504E+00  1.08810358E-01             NAN             NAN             NAN             NAN             NAN             NAN  1.72283100E+00  1.64058340E-02  3.19791100E+00  4.59453385E-02  2.15353875E-04  2.05072925E-06
 -5.20000000E+01  3.26391680E+01  7.14043063E-01 -9.40149692E+01  2.04301234E+00 -9.32330919E+01  2.02545178E+00 -3.83740736E-02  1.66910779E-03 -6.13758012E+01  1.33338633E+00 -1.37112924E+00  6.73376440E-02             NAN             NAN             NAN             NAN             NAN             NAN  1.15393600E+00  2.49400145E-02  1.81622600E+00  5.46931563E-02  1.44242000E-04  3.11750182E-06
 -5.50000000E+01  1.26308166E+01  5.46050030E-01 -3.63727912E+01  1.55070685E+00 -3.60752286E+01  1.53744280E+00 -6.92458432E-03  7.73939184E-04 -2.37419746E+01  1.00622896E+00  8.05020395E-01  4.73030077E-02             NAN             NAN             NAN             NAN             NAN             NAN  4.46309000E-01  1.89526525E-02  5.46019000E-01  3.09294197E-02  5.57886250E-05  2.36908157E-06
 -6.00000000E+01  1.17066929E+00  1.03539995E-01 -3.38630264E+00  2.96868414E-01 -3.35773750E+00  2.94149931E-01 -2.32716611E-04  4.31870299E-05 -2.21563335E+00  1.93911714E-01  2.84386647E-01  2.55801832E-02             NAN             NAN             NAN             NAN             NAN             NAN  4.16670000E-02  3.63040280E-03  4.28570000E-02  3.92320960E-03  5.20837500E-06  4.53800350E-07
 -6.50000000E+01  9.71796511E-02  2.13237088E-02 -2.79917164E-01  5.82396355E-02 -2.77505712E-01  5.77267410E-02 -1.43498650E-05  2.95256737E-06 -1.82737513E-01  3.71319909E-02  4.07974874E-02  9.21575701E-03             NAN             NAN             NAN             NAN             NAN             NAN  3.43900000E-03  7.07594057E-04  3.43900000E-03  7.07594057E-04  4.29875000E-07  8.84492571E-08
 -7.00000000E+01  2.74690635E-03  2.41140536E-03 -8.26180696E-03  7.68229282E-03 -8.22018531E-03  7.63313129E-03 -4.33959279E-07  4.01849742E-07 -5.51490061E-03  5.27490345E-03  1.76509939E-03  1.47405752E-03             NAN             NAN             NAN             NAN             NAN             NAN  1.04000000E-04  9.63048268E-05  1.04000000E-04  9.63048268E-05  1.30000000E-08  1.20381034E-08
 -7.50000000E+01  0.00000000E+00  0.00000000E+00  0.00000000E+00  0.00000000E+00  0.00000000E+00  0.00000000E+00  0.00000000E+00  0.00000000E+00  0.00000000E+00  0.00000000E+00  0.00000000E+00  0.00000000E+00             NAN             NAN             NAN             NAN             NAN             NAN  0.00000000E+00  0.00000000E+00  0.00000000E+00  0.00000000E+00  0.00000000E+00  0.00000000E+00
 -7.90000000E+01  1.27074861E-05  1.27278507E-05 -8.27880563E-05  8.29207295E-05 -8.10523507E-05  8.11822423E-05 -4.17268537E-09  4.17937237E-09 -7.00805702E-05  7.01928788E-05  8.91942977E-06  8.93372373E-06             NAN             NAN             NAN             NAN             NAN             NAN  1.00000000E-06  1.00160256E-06  1.00000000E-06  1.00160256E-06  1.25000000E-10  1.25200321E-10
 -8.20000000E+01  0.00000000E+00  0.00000000E+00  0.00000000E+00  0.00000000E+00  0.00000000E+00  0.00000000E+00  0.00000000E+00  0.00000000E+00  0.00000000E+00  0.00000000E+00  0.00000000E+00  0.00000000E+00             NAN             NAN             NAN             NAN             NAN             NAN  0.00000000E+00  0.00000000E+00  0.00000000E+00  0.00000000E+00  0.00000000E+00  0.00000000E+00
 -8.50000000E+01  0.00000000E+00  0.00000000E+00  0.00000000E+00  0.00000000E+00  0.00000000E+00  0.00000000E+00  0.00000000E+00  0.00000000E+00  0.00000000E+00  0.00000000E+00  0.00000000E+00  0.00000000E+00             NAN             NAN             NAN             NAN             NAN             NAN  0.00000000E+00  0.00000000E+00  0.00000000E+00  0.00000000E+00  0.00000000E+00  0.00000000E+00
